%YAML:1.0
R: !!opencv-matrix
   rows: 3
   cols: 3
   dt: d
   data: [ 9.9958238812404665e-01, -2.7800239215749208e-02,
       7.8864473481361809e-03, 2.7853228644461055e-02,
       9.9958963183376381e-01, -6.6907088204482528e-03,
       -7.6972076954684434e-03, 6.9075777221664046e-03,
       9.9994651775167709e-01 ]
T: !!opencv-matrix
   rows: 3
   cols: 1
   dt: d
   data: [ -7.4378882376463809e+00, -2.5878304395373736e-01,
       -1.3853384696635912e-01 ]
R1: !!opencv-matrix
   rows: 3
   cols: 3
   dt: d
   data: [ 9.9962998618726129e-01, 7.1011546831540760e-03,
       2.6257652549715849e-02, -7.0066682053074852e-03,
       9.9996864958108800e-01, -3.6886929441377796e-03,
       -2.6283023340483758e-02, 3.5033494175313803e-03,
       9.9964840280317668e-01 ]
R2: !!opencv-matrix
   rows: 3
   cols: 3
   dt: d
   data: [ 9.9922219462888984e-01, 3.4765480852938180e-02,
       1.8610940387012592e-02, -3.4832200486740392e-02,
       9.9938781591892478e-01, 3.2727972825936169e-03,
       -1.8485766694310273e-02, -3.9185116900958689e-03,
       9.9982144490696845e-01 ]
P1: !!opencv-matrix
   rows: 3
   cols: 4
   dt: d
   data: [ 6.5616639862004376e+02, 0., 3.1002650070190430e+02, 0., 0.,
       6.5616639862004376e+02, 2.3348826599121094e+02, 0., 0., 0., 1.,
       0. ]
P2: !!opencv-matrix
   rows: 3
   cols: 4
   dt: d
   data: [ 6.5616639862004376e+02, 0., 3.1002650070190430e+02,
       -4.8842913662935807e+03, 0., 6.5616639862004376e+02,
       2.3348826599121094e+02, 0., 0., 0., 1., 0. ]
Q: !!opencv-matrix
   rows: 4
   cols: 4
   dt: d
   data: [ 1., 0., 0., -3.1002650070190430e+02, 0., 1., 0.,
       -2.3348826599121094e+02, 0., 0., 0., 6.5616639862004376e+02, 0.,
       0., 1.3434218997421774e-01, 0. ]
roi1: [ 4, 0, 636, 471 ]
roi2: [ 0, 6, 640, 471 ]
