%YAML:1.0
M1: !!opencv-matrix
   rows: 3
   cols: 3
   dt: d
   data: [ 6.5811147792296629e+02, 0., 3.2526376360946949e+02, 0.,
       6.5616639862004376e+02, 2.3896396520646488e+02, 0., 0., 1. ]
D1: !!opencv-matrix
   rows: 1
   cols: 14
   dt: d
   data: [ 3.4049265282949791e-02, -9.3952083356540442e-02, 0., 0., 0.,
       0., 0., 8.4729988527694911e-01, 0., 0., 0., 0., 0., 0. ]
M2: !!opencv-matrix
   rows: 3
   cols: 3
   dt: d
   data: [ 6.5811147792296629e+02, 0., 3.2196561299366510e+02, 0.,
       6.5616639862004376e+02, 2.3594695711029271e+02, 0., 0., 1. ]
D2: !!opencv-matrix
   rows: 1
   cols: 14
   dt: d
   data: [ 1.3902088710065144e-01, -7.9263620804353496e-01, 0., 0., 0.,
       0., 0., 3.4943899217973418e-01, 0., 0., 0., 0., 0., 0. ]
